[gd_scene load_steps=27 format=3 uid="uid://b1nw72pbfi8wg"]

[ext_resource type="PackedScene" uid="uid://cc1m2a1obsyn4" path="res://addons/fpc/character.tscn" id="1_4x8x7"]
[ext_resource type="PackedScene" uid="uid://i7jovwrwaogl" path="res://map.tscn" id="2_ce245"]
[ext_resource type="PackedScene" uid="uid://d2pk1bf6a6m3c" path="res://shelf.tscn" id="4_pgp8t"]
[ext_resource type="PackedScene" uid="uid://bqe0yut53q1pc" path="res://Models/bookStack.blend" id="6_jy7ce"]
[ext_resource type="PackedScene" uid="uid://crc4mlstig2jb" path="res://desk.tscn" id="11_yrcdj"]
[ext_resource type="PackedScene" uid="uid://dgldxbk4nqtab" path="res://plank.tscn" id="12_l5yc1"]
[ext_resource type="PackedScene" uid="uid://bm75xfit4wl4p" path="res://tote_2.tscn" id="12_yhw8l"]
[ext_resource type="PackedScene" uid="uid://0kykhanpjddn" path="res://book.tscn" id="13_1org3"]
[ext_resource type="PackedScene" uid="uid://dh78fl23x2t1x" path="res://shoebox.tscn" id="13_n6li5"]
[ext_resource type="PackedScene" uid="uid://defeaxn85bm4o" path="res://book_stack.tscn" id="14_l5blt"]
[ext_resource type="PackedScene" uid="uid://bc6xo0f1c2wlc" path="res://shoe.tscn" id="14_qyhcs"]
[ext_resource type="PackedScene" uid="uid://bvwb6p67iuuby" path="res://book_stack_straight.tscn" id="15_6ind0"]
[ext_resource type="PackedScene" uid="uid://0mf8s5kh4nii" path="res://book_stack_straight_2.tscn" id="16_fpks2"]
[ext_resource type="PackedScene" uid="uid://s7xfsrmiarpr" path="res://wall_shelf.tscn" id="17_qlhp8"]
[ext_resource type="PackedScene" uid="uid://mlqcs57xau2d" path="res://bin.tscn" id="18_ubvwv"]
[ext_resource type="PackedScene" uid="uid://4c6h7i1f0t11" path="res://ladder.tscn" id="19_4qy4x"]
[ext_resource type="PackedScene" uid="uid://bbyx2nt7xv35g" path="res://seat.tscn" id="20_ev4ra"]
[ext_resource type="PackedScene" uid="uid://dxafg36l43ysu" path="res://microscope.tscn" id="21_jsb3m"]
[ext_resource type="PackedScene" uid="uid://dq2wrc4am6nap" path="res://armoire.tscn" id="22_r7x8v"]
[ext_resource type="PackedScene" uid="uid://o3hfycq4j80" path="res://table.tscn" id="23_8hp20"]
[ext_resource type="PackedScene" uid="uid://boypxkunjxlxb" path="res://cb_box.tscn" id="24_8b0bk"]
[ext_resource type="PackedScene" uid="uid://camuh5gaht3ai" path="res://Models/Papers.blend" id="24_dmvpl"]
[ext_resource type="PackedScene" uid="uid://2ldbfoaevfv8" path="res://paper_stack.tscn" id="25_vyhd1"]
[ext_resource type="PackedScene" uid="uid://dw3cr1kehltcm" path="res://ladderClimbable.tscn" id="26_2rx64"]

[sub_resource type="Environment" id="Environment_33fe4"]
background_energy_multiplier = 5.14
ambient_light_energy = 6.58
fog_enabled = true
fog_light_color = Color(0, 0, 0, 1)

[sub_resource type="CameraAttributesPractical" id="CameraAttributesPractical_sffxn"]
exposure_multiplier = 0.4

[node name="test_world" type="Node3D"]

[node name="Character" parent="." instance=ExtResource("1_4x8x7")]
transform = Transform3D(0.0505389, 0, -1.29902, 0, 1.3, 0, 1.29902, 0, 0.0505389, -77.8134, 3.00553, 16.8218)
base_speed = 6.0
sprint_speed = 12.0
crouch_speed = 2.0
acceleration = 20.0
jump_velocity = 6.0
LEFT = "move_left"
RIGHT = "move_right"
FORWARD = "move_forward"
BACKWARD = "move_backward"
SPRINT = "LShift"
controller_sensitivity = 0.08
in_air_momentum = false

[node name="WorldEnvironment" type="WorldEnvironment" parent="."]
environment = SubResource("Environment_33fe4")
camera_attributes = SubResource("CameraAttributesPractical_sffxn")

[node name="sun" type="DirectionalLight3D" parent="."]
transform = Transform3D(0.87959, -0.436605, 0.188936, 0, 0.397148, 0.917755, -0.475732, -0.807248, 0.349328, 0, 0, 0)
light_energy = 2.0
shadow_enabled = true

[node name="terrain" type="Node3D" parent="."]

[node name="Map" parent="." instance=ExtResource("2_ce245")]
transform = Transform3D(20, 0, 0, 0, 20, 0, 0, 0, 20, 2.76413, 0, 9.08512)

[node name="shelf" parent="." instance=ExtResource("4_pgp8t")]
transform = Transform3D(-0.00109951, 0, 7, 0, 7, 0, -7, 0, -0.00109951, 89.6774, 2, -51)

[node name="bookStack" parent="." instance=ExtResource("6_jy7ce")]
transform = Transform3D(-0.623119, 0, -1.02554, 0, 1.2, 0, 1.02554, 0, -0.623119, 22.4298, 21.0898, -86.5199)

[node name="SpotLight3D" type="SpotLight3D" parent="."]
transform = Transform3D(1, 0, 0, 0, 1.19249e-08, 1, 0, -1, 1.19249e-08, -32, 67, 9)
light_energy = 16.0
shadow_enabled = true
shadow_normal_bias = 0.0
shadow_opacity = 0.75
shadow_blur = 3.0
spot_range = 206.173
spot_attenuation = 0.6
spot_angle = 54.48
spot_angle_attenuation = 0.307786

[node name="SpotLight3D2" type="SpotLight3D" parent="."]
transform = Transform3D(1, 0, 0, 0, 1.19249e-08, 1, 0, -1, 1.19249e-08, 60, 67, -65)
light_energy = 16.0
shadow_enabled = true
shadow_normal_bias = 0.0
shadow_opacity = 0.75
shadow_blur = 3.0
spot_range = 206.173
spot_attenuation = 0.6
spot_angle = 54.48
spot_angle_attenuation = 0.307786

[node name="Plank" parent="." instance=ExtResource("12_l5yc1")]
transform = Transform3D(0.688596, 0.354767, -0.632437, -0.451914, 0.892023, 0.00833865, 0.567106, 0.280065, 0.774567, 52.9557, 9.61976, -78.3746)

[node name="Desk" parent="." instance=ExtResource("11_yrcdj")]
transform = Transform3D(6.73012, 0, -4.32498, 0, 8, 0, 4.32498, 0, 6.73012, 14.9347, 2, -76.7042)

[node name="Tote2" parent="." instance=ExtResource("12_yhw8l")]
transform = Transform3D(2.79288, 0, -1.09536, 0, 3, 0, 1.09536, 0, 2.79288, 36.3091, 2, -91.8973)

[node name="Shoebox" parent="." instance=ExtResource("13_n6li5")]
transform = Transform3D(3.4, 0, 0, 0, 3.0954, 0, 0, 0, 3.4, 86.3558, 5.71999, -44.2017)

[node name="Shoe" parent="." instance=ExtResource("14_qyhcs")]
transform = Transform3D(1.79822, -0.0620539, -0.873246, 0.0558202, 1.99904, -0.0271072, 0.873666, 0, 1.79909, 81, 3.50501, -35)

[node name="book" parent="." instance=ExtResource("13_1org3")]
transform = Transform3D(0.698014, 0.0509377, 0.0134635, -0.0509283, 0.698144, -0.000982321, -0.0134993, 1.62981e-10, 0.69987, 88.3191, 31.9413, -43.5853)

[node name="bookStack2" parent="." instance=ExtResource("14_l5blt")]
transform = Transform3D(-0.192796, 0, -0.981239, 0, 1, 0, 0.981239, 0, -0.192796, 86.6493, 31.734, -53.9822)

[node name="bookStackStraight" parent="." instance=ExtResource("15_6ind0")]
transform = Transform3D(-0.999473, -0.031969, 0.00570423, 0.00570715, -4.36824e-08, 0.999984, -0.0319685, 0.999489, 0.000182495, 85.9685, 24.1935, -50.2969)

[node name="bookStackStraight2" parent="." instance=ExtResource("16_fpks2")]
transform = Transform3D(-1.4, -1.22392e-07, -5.34992e-15, 0, -6.11959e-08, 1.4, -1.22392e-07, 1.4, 6.11959e-08, 85.6763, 14.6853, -56.1399)

[node name="book2" parent="." instance=ExtResource("13_1org3")]
transform = Transform3D(-0.691387, 0, -0.722485, 0, 1, 0, 0.722485, 0, -0.691387, 19.5254, 35.0672, -84.6115)

[node name="bookStack3" parent="." instance=ExtResource("14_l5blt")]
transform = Transform3D(0.5, -7.57103e-08, -0.866025, -7.57103e-08, -1, 4.37114e-08, -0.866025, 4.37114e-08, -0.5, 3.98838, 44.4915, -61.5973)

[node name="bookStackStraight3" parent="." instance=ExtResource("15_6ind0")]
transform = Transform3D(0.5, -7.57103e-08, -0.866025, 0, -1, 8.74228e-08, -0.866025, -4.37114e-08, -0.5, 1.07306, 44.5238, -57.7045)

[node name="bookStackStraight4" parent="." instance=ExtResource("16_fpks2")]
transform = Transform3D(0.792172, 0.609254, -0.0356756, 0.0192418, 0.0334937, 0.999254, 0.609995, -0.792267, 0.0148096, 14.9512, 37.5432, -74.3683)

[node name="Bin2" parent="." instance=ExtResource("18_ubvwv")]
transform = Transform3D(-3.49891, 0, 0.0236158, 0, 4.95156, 0, -0.0246107, 0, -3.35747, 87.7634, 26.1846, -57.9226)

[node name="Shoebox2" parent="." instance=ExtResource("13_n6li5")]
transform = Transform3D(2.71424, 0, -1.27786, 0, 2.77565, 0, 1.27786, 0, 2.71424, 32.2559, 16.8996, -93.8686)

[node name="bookStack4" parent="." instance=ExtResource("14_l5blt")]
transform = Transform3D(-1, -1.20661e-07, 0, 8.74228e-08, -1.38021, 0, 0, 0, 1, 40.6822, 18.0864, -90.3119)

[node name="Ladder" parent="." instance=ExtResource("19_4qy4x")]
transform = Transform3D(-0.00689619, -3.99397e-11, 0.433768, 0.298095, 0.280839, 0.00288761, -0.468981, 0.178508, -0.00454296, 90.5522, 32.5659, -65.5742)

[node name="Seat2" parent="." instance=ExtResource("20_ev4ra")]
transform = Transform3D(2.32374, 0, 1.89743, 0, 3, 0, -1.89743, 0, 2.32374, -2.65205, 2, -7.91074)

[node name="Seat3" parent="." instance=ExtResource("20_ev4ra")]
transform = Transform3D(-1.67105, 0, 2.84562, 0, 3.3, 0, -2.84562, 0, -1.67105, 83.7636, 2, 44.6532)

[node name="WallShelf" parent="." instance=ExtResource("17_qlhp8")]
transform = Transform3D(-5.68248e-08, 0, -1.3, 0, 1.3, 0, 1.3, 0, -5.68248e-08, 47.509, 45.991, -95.3149)

[node name="Seat4" parent="." instance=ExtResource("20_ev4ra")]
transform = Transform3D(-2.4163, 0, -1.77806, 0, 3, 0, 1.77806, 0, -2.4163, 34.7494, 2, -46.7782)

[node name="Microscope" parent="." instance=ExtResource("21_jsb3m")]
transform = Transform3D(0.142855, 0, 1.99489, 0, 2, 0, -1.99489, 0, 0.142855, 9.99524, 21.275, -60.5269)

[node name="Microscope2" parent="." instance=ExtResource("21_jsb3m")]
transform = Transform3D(0.053746, 0, -1.5991, 0, 1.6, 0, 1.5991, 0, 0.053746, 86.9809, 21.2492, -45.8353)

[node name="Plank2" parent="." instance=ExtResource("12_l5yc1")]
transform = Transform3D(0.3, 0, 0, 0, 0.3, 0, 0, 0, 0.3, 82.8187, 31.9647, -43.8343)

[node name="Armoire2" parent="." instance=ExtResource("22_r7x8v")]
transform = Transform3D(-1.31134e-07, 0, -3, 0, 3, 0, 3, 0, -1.31134e-07, -62, 2, -38.9237)

[node name="Papers" parent="." instance=ExtResource("24_dmvpl")]
transform = Transform3D(-0.264146, 0, 2.58655, 0, 2.6, 0, -2.58655, 0, -0.264146, -34.9086, 45.0108, 50.2511)

[node name="Papers2" parent="." instance=ExtResource("24_dmvpl")]
transform = Transform3D(2.19511, 0, -0.686644, 0, 2.3, 0, 0.686644, 0, 2.19511, 8.05357, 41.5854, -69.35)

[node name="Papers3" parent="." instance=ExtResource("24_dmvpl")]
transform = Transform3D(2.5, 0, 0, 0, 2.5, 0, 0, 0, 2.5, 88.7958, 40.273, -56.0636)

[node name="Papers4" parent="." instance=ExtResource("24_dmvpl")]
transform = Transform3D(1.93775, 0, -0.495114, 0, 2, 0, 0.495114, 0, 1.93775, 88.2194, 40.5442, -58.5242)

[node name="PaperStack" parent="." instance=ExtResource("25_vyhd1")]
transform = Transform3D(2.25167, 0, -1.3, 0, 2.6, 0, 1.3, 0, 2.25167, 11.7697, 21.2, -75.2971)

[node name="PaperStack2" parent="." instance=ExtResource("25_vyhd1")]
transform = Transform3D(2.18594, 0, -1.40772, 0, 2.6, 0, 1.40772, 0, 2.18594, 11.9442, 22.0359, -75.455)

[node name="Papers5" parent="." instance=ExtResource("24_dmvpl")]
transform = Transform3D(2.6, 0, 0, 0, 2.6, 0, 0, 0, 2.6, 0.194496, 21.2425, -45.0524)

[node name="bookStack5" parent="." instance=ExtResource("6_jy7ce")]
transform = Transform3D(1.8, 0, 0, 0, 1.8, 0, 0, 0, 1.8, -50.3655, 44.6947, 47.7812)

[node name="WallShelf3" parent="." instance=ExtResource("17_qlhp8")]
transform = Transform3D(9.81473e-08, 0, 1.3, 0, 1.3, 0, -1.3, 0, 9.81473e-08, -29.9638, 44.3758, 52.0885)

[node name="Tote3" parent="." instance=ExtResource("12_yhw8l")]
transform = Transform3D(2.72443, 0, 1.25598, 0, 3, 0, -1.25598, 0, 2.72443, 60.2216, 2, 43.8184)

[node name="Table" parent="." instance=ExtResource("23_8hp20")]
transform = Transform3D(-8.74228e-08, 0, 2, 0, 2, 0, -2, 0, -8.74228e-08, 9.22058, 1.40089, 45.0401)

[node name="Shoe2" parent="." instance=ExtResource("14_qyhcs")]
transform = Transform3D(0.117777, 0, 1.99653, 0, 2, 0, -1.99653, 0, 0.117777, 33.4346, 3.47709, 44.3768)

[node name="PaperStack3" parent="." instance=ExtResource("25_vyhd1")]
transform = Transform3D(0.11953, 0, -2.59725, 0, 2.6, 0, 2.59725, 0, 0.11953, 16.2049, 23.8974, 39.5568)

[node name="Microscope3" parent="." instance=ExtResource("21_jsb3m")]
transform = Transform3D(-1.92345, 0, 0.548019, 0, 2, 0, -0.548019, 0, -1.92345, 26.8123, 23.8974, 42.2266)

[node name="bookStackStraight5" parent="." instance=ExtResource("16_fpks2")]
transform = Transform3D(-8.74228e-08, -2, -8.74228e-08, 0, -8.74228e-08, 2, -2, 8.74228e-08, 3.82137e-15, -20.4684, 50.572, 55.233)

[node name="Armoire3" parent="." instance=ExtResource("22_r7x8v")]
transform = Transform3D(-0.0127406, 0, -0.299729, 0, 0.3, 0, 0.299729, 0, -0.0127406, -68.8407, 51.8768, -36.4634)

[node name="Desk2" parent="." instance=ExtResource("11_yrcdj")]
transform = Transform3D(-0.698632, 0, -0.043734, 0, 0.7, 0, 0.043734, 0, -0.698632, -60.5326, 51.8768, -34.2218)

[node name="Microscope4" parent="." instance=ExtResource("21_jsb3m")]
transform = Transform3D(-0.0372156, 0, -0.196507, 0, 0.2, 0, 0.196507, 0, -0.0372156, -61.395, 53.746, -33.5018)

[node name="Ladder3" parent="." instance=ExtResource("19_4qy4x")]
transform = Transform3D(0.0011356, -0.00155152, -0.199991, -0.117075, 0.162141, -0.00192268, 0.162149, 0.11708, 1.24574e-05, -68.9144, 7.95168, -22.8522)

[node name="Ladder2" parent="." instance=ExtResource("26_2rx64")]
transform = Transform3D(0.00524371, -0.00580362, 0.219861, 0.204654, 0.0806798, -0.00275134, -0.0805562, 0.20459, 0.00732179, 93.3335, 11.6341, -45.9244)

[node name="Ladder4" parent="." instance=ExtResource("26_2rx64")]
transform = Transform3D(0.00524371, -0.00580362, 0.219861, 0.204654, 0.0806798, -0.00275134, -0.0805562, 0.20459, 0.00732179, 92.9192, 22.1716, -45.9244)

[node name="Table2" parent="." instance=ExtResource("23_8hp20")]
transform = Transform3D(0.13, 0, 0, 0, 0.13, 0, 0, 0, 0.13, -72.6067, 51.8768, -30.9624)

[node name="Seat5" parent="." instance=ExtResource("20_ev4ra")]
transform = Transform3D(-0.252099, 0, 0.162622, 0, 0.3, 0, -0.162622, 0, -0.252099, -68.1713, 51.8768, -29.7012)

[node name="bookStack6" parent="." instance=ExtResource("14_l5blt")]
transform = Transform3D(-0.940092, 0, 0.340921, 0, 1, 0, -0.340921, 0, -0.940092, 12.2553, 48.368, -74.5406)

[node name="bookStackStraight6" parent="." instance=ExtResource("16_fpks2")]
transform = Transform3D(0.082654, 0.20052, -0.976197, 0.95248, -0.304056, 0.0181901, -0.293171, -0.931312, -0.216123, 10.3313, 50.677, -69.2379)

[node name="bookStackStraight7" parent="." instance=ExtResource("15_6ind0")]
transform = Transform3D(-0.524268, 0, -0.851553, 0, 1, 0, 0.851553, 0, -0.524268, 8.50624, 48.368, -66.3968)

[node name="book3" parent="." instance=ExtResource("13_1org3")]
transform = Transform3D(-0.346379, 0, -0.938095, 0, 1, 0, 0.938095, 0, -0.346379, 5.44186, 48.368, -59.2804)

[node name="book4" parent="." instance=ExtResource("13_1org3")]
transform = Transform3D(-0.613086, 0, -0.790016, 0, 1, 0, 0.790016, 0, -0.613086, 5.7254, 49.4742, -59.1419)

[node name="CBBox" parent="." instance=ExtResource("24_8b0bk")]
transform = Transform3D(-6.11959e-08, 0, 1.4, 0, 1.4, 0, -1.4, 0, -6.11959e-08, -2.08535, 23.8974, 49.7445)

[node name="CBBox2" parent="." instance=ExtResource("24_8b0bk")]
transform = Transform3D(-0.476039, 0, -1.10154, 0, 1.2, 0, 1.10154, 0, -0.476039, 56.9683, 46.499, -91.3827)

[node name="CBBox3" parent="." instance=ExtResource("24_8b0bk")]
transform = Transform3D(-0.374461, 0, -0.927243, 0, 1, 0, 0.927243, 0, -0.374461, -72.2686, 7.89935, -27.3378)

[node name="Plank3" parent="." instance=ExtResource("12_l5yc1")]
transform = Transform3D(0.433736, -0.286833, 0, 0.286833, 0.433736, 0, 0, 0, 0.52, -70.5645, 23.5591, -24.9755)

[node name="bookStack7" parent="." instance=ExtResource("14_l5blt")]
transform = Transform3D(0.970729, 0, -0.240177, 0, 1, 0, 0.240177, 0, 0.970729, -71.3513, 7.8345, -36.0533)

[node name="book5" parent="." instance=ExtResource("13_1org3")]
transform = Transform3D(0.938091, 0.340617, 0.0629812, -0.342221, 0.939476, 0.0164038, -0.0535819, -0.0369417, 0.99788, -67.3164, 8.56583, -34.5593)

[node name="Ladder5" parent="." instance=ExtResource("26_2rx64")]
transform = Transform3D(0.140272, -0.142115, 0.0112695, 0.142436, 0.140373, -0.00273408, -0.00596691, 0.00994352, 0.199664, -71.3149, 14.4658, -23.1804)

[node name="CBBox4" parent="." instance=ExtResource("24_8b0bk")]
transform = Transform3D(0.120862, 0, 0.274577, 0, 0.3, 0, -0.274577, 0, 0.120862, -71.8564, 10.6993, -35.2335)

[node name="Ladder6" parent="." instance=ExtResource("26_2rx64")]
transform = Transform3D(-0.161313, 0.163432, -0.01296, 0.163802, 0.161428, -0.00314417, 0.00686195, -0.011435, -0.229613, -69.5279, 29.8173, -25.6804)

[node name="book6" parent="." instance=ExtResource("13_1org3")]
transform = Transform3D(1, 0, 0, 0, 1, 0, 0, 0, 1, -66.9253, 39.047, -30.7646)

[node name="book7" parent="." instance=ExtResource("13_1org3")]
transform = Transform3D(0.956453, -0.291888, 0, 0.291888, 0.956453, 0, 0, 0, 1, -70.1844, 39.4776, -30.5652)

[node name="bookStack8" parent="." instance=ExtResource("14_l5blt")]
transform = Transform3D(-0.976699, 0, -0.214616, 0, 1, 0, 0.214616, 0, -0.976699, -65.7482, 40.1532, -30.0872)

[node name="CBBox5" parent="." instance=ExtResource("24_8b0bk")]
transform = Transform3D(-7.43094e-08, 0, -1.7, 0, 1.7, 0, 1.7, 0, -7.43094e-08, -36.2042, 2, -29.8915)

[node name="CBBox6" parent="." instance=ExtResource("24_8b0bk")]
transform = Transform3D(1, 0, 0, 0, 1, 0, 0, 0, 1, -35.2286, 12.1357, -31.0966)

[node name="Shoebox3" parent="." instance=ExtResource("13_n6li5")]
transform = Transform3D(1.53329, 0, 2.57857, 0, 3, 0, -2.57857, 0, 1.53329, 9.39061, 37.9245, -66.0124)
